t = 1/2;
cpoly = [0 1 2 3; 0 4 5 0];

